  -12
  100
  125
  -39
  122
  117
 -105
 -105
  119
  -87
  107
  -71
  -43
  -72
  119
  -14
   90
  -89
  106
  105
    6
   18
  -82
 -109
   22
   75
   40
  -66
   88
    2
  -10
   20
 -102
  -26
  -61
  -31
  -69
 -100
  -87
   37
   64
  -70
  -43
  125
  -28
   77
    5
    0
   75
  -51
   87
   50
  114
  125
   12
   76
  -17
   91
   45
 -126
 -123
  -87
  -20
  -27
  -68
   86
   56
  -60
   62
  -46
   86
  -12
  -26
  102
 -105
  -83
   27
 -113
   89
   60
  -78
   43
   18
  111
 -123
  -98
  107
  111
  -85
   94
  -78
  -52
  105
  -91
   11
  -93
   41
  -31
  127
  -20
  -55
   17
  -64
   16
 -116
  108
    5
  -74
   36
   13
  -41
 -110
  -18
   78
  -17
  -82
  -51
  -82
   95
   42
 -114
  -53
  -74
   53
  -40
   17
   38
  -48
   -9
   18
  123
  104
   38
  -78
  103
  -69
  -72
   84
   99
  -87
 -124
  103
    0
  -20
   51
  -85
  -41
 -107
  126
   76
   81
  -50
  -72
  -91
 -120
  -29
   -3
  -83
 -127
   44
   56
   91
  -62
   -4
   34
  103
  122
   22
   59
   37
   12
  -46
   55
  126
  -78
   95
  127
  117
  -84
  123
  -95
   -1
  111
  -54
   -2
  -54
 -128
   25
  -40
   55
   16
  -18
   80
   82
   83
  -77
   59
    8
  -46
   65
  101
   84
  109
  -19
   82
   87
  -85
  112
   33
   -6
   89
   -3
    1
  -24
  -44
   55
   22
   52
   59
   52
 -121
   92
  -79
   85
    7
  126
   13
  113
  -18
  110
   75
  -75
 -127
  -31
   40
  114
   -8
  -14
   86
 -119
   27
 -101
 -110
  108
  -31
  -82
  -23
   38
   79
    2
  -95
  -68
  -14
   15
 -120
 -100
   13
   24
   22
   40
   95
  -87
 -103
    7
  -48
  -68
   32
   77
   19
  -77
  -85
  -45
  -93
   14
  -94
   10
    5
  100
 -108
  -50
  125
 -119
  122
  -51
   25
   70
  -44
  123
   45
   34
  -75
  -85
  112
  102
   99
  107
  100
   10
   28
  -40
  -53
   94
