  -73
   22
  -65
  -13
  -65
   75
   97
   98
   -5
  120
   50
   -1
  -34
   56
  -11
  -37
   60
   71
   88
  117
  -64
   37
  -52
   60
   16
   39
    2
 -106
   17
  -66
  100
   34
  -15
  118
   74
   85
  103
  -83
   16
   27
   75
   71
   24
   66
  -94
 -120
   94
  -85
   62
   15
   19
  114
  106
  -82
  104
   94
  -59
 -108
 -103
   96
 -127
  -42
  -38
  -87
 -117
  -32
   21
  -71
  -26
  -86
  -44
 -115
   36
  -93
  -84
  -44
 -114
  109
   41
 -121
  -66
  -42
   49
   85
  108
  -74
   53
   42
  127
   49
   91
   12
  -71
   78
  -34
   64
  -27
   85
    9
  108
  124
   55
  -21
  113
   37
  100
   71
  -62
   53
   44
  -62
  -76
  -69
  116
  -80
    4
   50
  -90
  -35
   21
   60
   70
   38
  -42
   39
 -104
  -98
  -63
 -101
 -106
  -99
  -18
  -34
  -34
   99
  122
  -32
  -49
   89
 -112
   21
  118
 -102
    1
 -102
   13
  125
  -58
  -85
    8
  113
